Name;Sector;Lat;Long;NOx-low (Gg/year);NOx-high (Gg/year);NOx-mean (Gg/year);SOx-low(Gg/year);SOx-high(Gg/year);SOx-mean(Gg/year);CO-low(Gg/year);CO-high(Gg/year);CO-mean(Gg/year);PM-low(Gg/year);PM-high(Gg/year);PM-mean(Gg/year);TOC-low(Gg/year);TOC-high(Gg/year);TOC-mean(Gg/year);CO2-low(Gg/year);CO2-high(Gg/year);CO2-mean(Gg/year)
CAMPINA GRANDE;Fuel oil TPP;-7.200901;-35.874785;0.152557502;0.844250256;0.498403879;2.058785712;2.488316544;2.273551128;0.077019322;7.70193216;3.889475741;0.026660534;0.211803134;0.119231834;0.003850966;0.038065319;0.020958142;378.8017596;705.593;542.1973798
CELPAV II;Fuel oil TPP;-21.547572;-47.701072;0.029414328;0.16277832;0.096096324;0.39695064;0.47976768;0.43835916;0.014849952;1.4849952;0.749922576;0.005140368;0.040837368;0.022988868;0.000742498;0.007339303;0.0040409;73.036062;706.593;389.814531
COGERAÇÃO INTERNATIONAL PAPER - FASES I E II;Fuel oil TPP;-22.322119;-46.937936;0.04556514;0.2521566;0.14886087;0.6149082;0.7431984;0.6790533;0.02300376;2.300376;1.16168988;0.00796284;0.06326034;0.03561159;0.001150188;0.011369166;0.006259677;113.138685;707.593;410.3658425
IGARAPÉ;Fuel oil TPP;-19.941624;-44.318832;0.11819868;0.6541092;0.38615394;1.5951084;1.9279008;1.7615046;0.05967312;5.967312;3.01349256;0.02065608;0.16410108;0.09237858;0.002983656;0.029492292;0.016237974;293.48847;708.593;501.040735
NUTEPA;Fuel oil TPP;-30.077355;-51.081358;0.02165472;0.1198368;0.07074576;0.2922336;0.3532032;0.3227184;0.01093248;1.093248;0.55209024;0.00378432;0.03006432;0.01692432;0.000546624;0.005403168;0.002974896;53.76888;709.593;381.68094
PIRATININGA;Fuel oil TPP;-23.777330;-46.724389;0.1714332;0.948708;0.5600706;2.313516;2.796192;2.554854;0.0865488;8.65488;4.3707144;0.0299592;0.2380092;0.1339842;0.00432744;0.04277508;0.02355126;425.6703;710.593;568.13165
MRN UG I (ANTIGA PORTO TROMBETAS);Fuel oil TPP;-1.749457;-55.853681;0.013804884;0.07639596;0.045100422;0.18629892;0.22516704;0.20573298;0.006969456;0.6969456;0.351957528;0.002412504;0.019166004;0.010789254;0.000348473;0.00344452;0.001896496;34.277661;711.593;372.9353305
REFAP;Fuel oil TPP;-29.936400;-51.148626;0.067418362;0.373091904;0.220255133;0.909820608;1.099639296;1.004729952;0.034036454;3.40364544;1.718840947;0.01178185;0.09360025;0.05269105;0.001701823;0.016821863;0.009261843;167.4004464;712.593;439.9967232
MAUÁ;Fuel oil TPP;-2.991764;-60.017982;0.498567446;2.759062565;1.628815005;6.72824029;8.131973875;7.430107082;0.251703953;25.17039533;12.71104964;0.087128292;0.692185872;0.389657082;0.012585198;0.124399838;0.068492518;1237.947809;713.593;975.7704043
CADAM;Fuel oil TPP;0.254113;-51.063160;0.022549782;0.124790054;0.073669918;0.304312589;0.367802266;0.336057427;0.011384356;1.138435584;0.57490997;0.003940739;0.031306979;0.017623859;0.000569218;0.005626499;0.003097858;55.99132704;714.593;385.2921635
APARECIDA PARTE I;Fuel oil TPP;-3.035503;-60.000610;0.217214887;1.202062968;0.709638928;2.931346536;3.542922432;3.237134484;0.109661885;10.96618848;5.537925182;0.037959883;0.301570183;0.169765033;0.005483094;0.054198278;0.029840686;539.3466738;715.593;627.4698369
CAPUAVA;Fuel oil TPP;-23.719169;-46.521041;0.016259086;0.089977464;0.053118275;0.219418728;0.265196736;0.242307732;0.00820847;0.82084704;0.414527755;0.002841394;0.022573294;0.012707344;0.000410424;0.004056879;0.002233651;40.3714674;716.593;378.4822337
REMAN;Fuel oil TPP;-3.002589;-59.981384;0.005774592;0.03195648;0.018865536;0.07792896;0.09418752;0.08605824;0.002915328;0.2915328;0.147224064;0.001009152;0.008017152;0.004513152;0.000145766;0.001440845;0.000793306;14.338368;717.593;365.965684
ORSA;Fuel oil TPP;-24.118094;-48.898865;0.00406026;0.0224694;0.01326483;0.0547938;0.0662256;0.0605097;0.00204984;0.204984;0.10351692;0.00070956;0.00563706;0.00317331;0.000102492;0.001013094;0.000557793;10.081665;718.593;364.3373325
CITROSUCO;Fuel oil TPP;-22.533771;-47.385714;0.002075244;0.01148436;0.006779802;0.02800572;0.03384864;0.03092718;0.001047696;0.1047696;0.052908648;0.000362664;0.002881164;0.001621914;5.23848E-05;0.000517804;0.000285094;5.152851;719.593;362.3729255
CNT;Fuel oil TPP;-14.458003;-48.438385;0.03248208;0.1797552;0.10611864;0.4383504;0.5298048;0.4840776;0.01639872;1.639872;0.82813536;0.00567648;0.04509648;0.02538648;0.000819936;0.008104752;0.004462344;80.65332;720.593;400.62316
NORTE;Fuel oil TPP;-22.765274;-47.116347;0.003517087;0.019463494;0.011490291;0.047463607;0.057366086;0.052414847;0.001775617;0.177561696;0.089668656;0.000614637;0.004882947;0.002748792;8.87808E-05;0.000877565;0.000483173;8.73296226;721.593;365.1629811
TAMBAQUI;Fuel oil TPP;-3.006704;-59.931859;0.083953545;0.464597287;0.274275416;1.132965314;1.369339373;1.251152344;0.042384314;4.238431392;2.140407853;0.014671493;0.116556863;0.065614178;0.002119216;0.020947632;0.011533424;208.457467;722.593;465.5252335
PONTA NEGRA;Fuel oil TPP;-3.008975;-59.941901;0.077036666;0.426319416;0.251678041;1.039621032;1.256520384;1.148070708;0.038892298;3.88922976;1.964061029;0.013462718;0.106953818;0.060208268;0.001944615;0.01922177;0.010583193;191.2827906;723.593;457.4378953
CRISTIANO ROCHA;Fuel oil TPP;-3.010818;-59.962157;0.077036666;0.426319416;0.251678041;1.039621032;1.256520384;1.148070708;0.038892298;3.88922976;1.964061029;0.013462718;0.106953818;0.060208268;0.001944615;0.01922177;0.010583193;191.2827906;724.593;457.9378953
CAMAÇARI MURICY I;Fuel oil TPP;-12.693489;-38.303935;0.136875876;0.75746844;0.447172158;1.84715988;2.23253856;2.03984922;0.069102384;6.9102384;3.489670392;0.023920056;0.190031556;0.106975806;0.003455119;0.034152524;0.018803822;339.864129;725.593;532.7285645
CAMAÇARI PÓLO DE APOIO I;Fuel oil TPP;-12.691061;-38.311145;0.135342;0.74898;0.442161;1.82646;2.20752;2.01699;0.068328;6.8328;3.450564;0.023652;0.187902;0.105777;0.0034164;0.0337698;0.0185931;336.0555;726.593;531.32425
TERMOPARAÍBA;Fuel oil TPP;-7.096830;-34.857626;0.154156343;0.853098206;0.503627274;2.080362293;2.514394714;2.297378503;0.077826503;7.782650304;3.930238404;0.026939943;0.214022883;0.120481413;0.003891325;0.038464252;0.021177789;382.7716952;727.593;555.1823476
GLOBAL II;Fuel oil TPP;-12.675504;-38.538919;0.134259264;0.74298816;0.438623712;1.81184832;2.18985984;2.00085408;0.067781376;6.7781376;3.422959488;0.023462784;0.186398784;0.104930784;0.003389069;0.033499642;0.018444355;333.367056;728.593;530.980028
TERMONORDESTE;Fuel oil TPP;-7.077273;-34.857021;0.154156343;0.853098206;0.503627274;2.080362293;2.514394714;2.297378503;0.077826503;7.782650304;3.930238404;0.026939943;0.214022883;0.120481413;0.003891325;0.038464252;0.021177789;382.7716952;729.593;556.1823476
GLOBAL I;Fuel oil TPP;-12.670814;-38.536515;0.134259264;0.74298816;0.438623712;1.81184832;2.18985984;2.00085408;0.067781376;6.7781376;3.422959488;0.023462784;0.186398784;0.104930784;0.003389069;0.033499642;0.018444355;333.367056;730.593;531.980028
MARACANAÚ I;Fuel oil TPP;-3.854531;-38.617319;0.15158304;0.8388576;0.49522032;2.0456352;2.4724224;2.2590288;0.07652736;7.652736;3.86463168;0.02649024;0.21045024;0.11847024;0.003826368;0.037822176;0.020824272;376.38216;731.593;553.98758
VIANA;Fuel oil TPP;-20.365227;-40.433066;0.157538088;0.87181272;0.514675404;2.12599944;2.56955328;2.34777636;0.079533792;7.9533792;4.016456496;0.027530928;0.218717928;0.123124428;0.00397669;0.039308047;0.021642368;391.168602;732.593;561.880801
GERAMAR II (ANTIGA NOVA OLINDA);Fuel oil TPP;-3.554679;-44.582989;0.149661184;0.828222084;0.488941634;2.019699468;2.441075616;2.230387542;0.075557102;7.55571024;3.815633671;0.026154382;0.207782032;0.116968207;0.003777855;0.037342645;0.02056025;371.6101719;733.593;552.601586
GERAMAR I (ANTIGA TOCANTINÓPOLIS);Fuel oil TPP;-3.562070;-44.581028;0.149661184;0.828222084;0.488941634;2.019699468;2.441075616;2.230387542;0.075557102;7.55571024;3.815633671;0.026154382;0.207782032;0.116968207;0.003777855;0.037342645;0.02056025;371.6101719;734.593;553.101586
SUAPE II;Fuel oil TPP;-8.294746;-35.031216;0.344002371;1.903702439;1.123852405;4.642362088;5.610912451;5.126637269;0.1736711;17.36710997;8.770390534;0.060116919;0.477595524;0.268856222;0.008683555;0.085833601;0.047258578;854.1612258;735.593;794.8771129
MRN UG II;Fuel oil TPP;-1.747055;-55.876341;0.041324424;0.22868856;0.135006492;0.55767912;0.67402944;0.61585428;0.020862816;2.0862816;1.053572208;0.007221744;0.057372744;0.032297244;0.001043141;0.010311046;0.005677093;102.608946;736.593;419.600973
PERNAMBUCO III;Fuel oil TPP;-7.851113;-34.906701;0.181168801;1.002584628;0.591876715;2.444899356;2.954986272;2.699942814;0.091463861;9.14638608;4.61892497;0.031660567;0.251525617;0.141593092;0.004573193;0.045204254;0.024888724;449.8438923;737.593;593.7184462
