Name;Sector;Lat;Long;NOx-low (Gg/year);NOx-high (Gg/year);NOx-mean (Gg/year);SOx-low(Gg/year);SOx-high(Gg/year);SOx-mean(Gg/year);CO-low(Gg/year);CO-high(Gg/year);CO-mean(Gg/year);PM-low(Gg/year);PM-high(Gg/year);PM-mean(Gg/year);TOC-low(Gg/year);TOC-high(Gg/year);TOC-mean(Gg/year);CO2-low(Gg/year);CO2-high(Gg/year);CO2-mean(Gg/year)
ANAMÃ;Natural gas TPP;-3.615548;-61.447581;0.000557583;0.004893073;0.002725328;1.02413E-05;1.02413E-05;1.02413E-05;0.000409653;0.001706886;0.001058269;0.000136551;0.000136551;0.000136551;0.000193447;0.000193447;0.000193447;2.075573376;2.075573376;2.075573376
ANORI;Natural gas TPP;-3.740979;-61.658565;0.001176976;0.010328566;0.005752771;2.16179E-05;2.16179E-05;2.16179E-05;0.000864717;0.003602988;0.002233853;0.000288239;0.000288239;0.000288239;0.000408339;0.000408339;0.000408339;4.381233408;4.381233408;4.381233408
ASFOR;Natural gas TPP;-3.755883;-38.521551;0.001437954;0.01261878;0.007028367;2.64114E-05;2.64114E-05;2.64114E-05;0.001056456;0.0044019;0.002729178;0.000352152;0.000352152;0.000352152;0.000498882;0.000498882;0.000498882;5.3527104;5.3527104;5.3527104
CAAPIRANGA;Natural gas TPP;-3.755883;-38.521551;0.000557583;0.004893073;0.002725328;1.02413E-05;1.02413E-05;1.02413E-05;0.000409653;0.001706886;0.001058269;0.000136551;0.000136551;0.000136551;0.000193447;0.000193447;0.000193447;2.075573376;2.075573376;2.075573376
CAMAÇARI;Natural gas TPP;-12.706047;-38.303425;0.05610596;0.492358428;0.274232194;0.001030518;0.001030518;0.001030518;0.041220706;0.17175294;0.106486823;0.013740235;0.013740235;0.013740235;0.019465333;0.019465333;0.019465333;208.851575;208.851575;208.851575
CODAJÁS;Natural gas TPP;-3.839333;-62.058371;0.001569301;0.013771421;0.007670361;2.88239E-05;2.88239E-05;2.88239E-05;0.001152956;0.004803984;0.00297847;0.000384319;0.000384319;0.000384319;0.000544452;0.000544452;0.000544452;5.841644544;5.841644544;5.841644544
ENERGY WORKS KAISER PACATUBA;Natural gas TPP;-3.930491;-38.607034;0.00238314;0.020913274;0.011648207;4.3772E-05;4.3772E-05;4.3772E-05;0.001750879;0.007295328;0.004523103;0.000583626;0.000583626;0.000583626;0.000826804;0.000826804;0.000826804;8.871118848;8.871118848;8.871118848
GLOBO;Natural gas TPP;-22.789215;-43.301665;0.002214878;0.019436688;0.010825783;4.06814E-05;4.06814E-05;4.06814E-05;0.001627258;0.00678024;0.004203749;0.000542419;0.000542419;0.000542419;0.000768427;0.000768427;0.000768427;8.24477184;8.24477184;8.24477184
AURELIANO CHAVES (ANTIGA IBIRITÉ);Natural gas TPP;-20.028628;-44.055764;0.09700824;0.8512968;0.47415252;0.001781784;0.001781784;0.001781784;0.07127136;0.296964;0.18411768;0.02375712;0.02375712;0.02375712;0.03365592;0.03365592;0.03365592;361.108224;361.108224;361.108224
ILHA PLAZA SHOPPING;Natural gas TPP;-22.989471;-43.432752;0.000558012;0.00489684;0.002727426;1.02492E-05;1.02492E-05;1.02492E-05;0.000409968;0.0017082;0.001059084;0.000136656;0.000136656;0.000136656;0.000193596;0.000193596;0.000193596;2.0771712;2.0771712;2.0771712
JUIZ DE FORA;Natural gas TPP;-21.750927;-43.360178;0.037364484;0.327892406;0.182628445;0.000686286;0.000686286;0.000686286;0.027451457;0.114381072;0.070916265;0.009150486;0.009150486;0.009150486;0.012963188;0.012963188;0.012963188;139.0873836;139.0873836;139.0873836
NORTE FLUMINENSE;Natural gas TPP;-22.378914;-41.798399;0.372977367;3.27306669;1.823022029;0.006850605;0.006850605;0.006850605;0.274024188;1.14176745;0.707895819;0.091341396;0.091341396;0.091341396;0.129400311;0.129400311;0.129400311;1388.389219;1388.389219;1388.389219
CTS-CENTRAL TERMELÉTRICA SUL (ANTIGA RHODIA SANTO ANDRÉ);Natural gas TPP;-23.647339;-46.512655;0.00472164;0.0414348;0.02307822;0.000086724;0.000086724;0.000086724;0.00346896;0.014454;0.00896148;0.00115632;0.00115632;0.00115632;0.00163812;0.00163812;0.00163812;17.576064;17.576064;17.576064
SOLVAY;Natural gas TPP;-23.624116;-46.516077;0.005408424;0.04746168;0.026435052;9.93384E-05;9.93384E-05;9.93384E-05;0.003973536;0.0165564;0.010264968;0.001324512;0.001324512;0.001324512;0.001876392;0.001876392;0.001876392;20.1325824;20.1325824;20.1325824
SUAPE, CGDE, KOBLITZ ENERGIA LTDA;Natural gas TPP;-8.287947;-35.033770;0.00171696;0.0150672;0.00839208;0.000031536;0.000031536;0.000031536;0.00126144;0.005256;0.00325872;0.00042048;0.00042048;0.00042048;0.00059568;0.00059568;0.00059568;6.391296;6.391296;6.391296
SUZANO;Natural gas TPP;-23.552984;-46.315180;0.016482816;0.14464512;0.080563968;0.000302746;0.000302746;0.000302746;0.012109824;0.0504576;0.031283712;0.004036608;0.004036608;0.004036608;0.005718528;0.005718528;0.005718528;61.3564416;61.3564416;61.3564416
CELPAV IV;Natural gas TPP;-23.308796;-45.962328;0.059846358;0.525182323;0.29251434;0.001099219;0.001099219;0.001099219;0.043968753;0.183203136;0.113585944;0.014656251;0.014656251;0.014656251;0.020763022;0.020763022;0.020763022;222.7750134;222.7750134;222.7750134
URUGUAIANA;Natural gas TPP;-29.776215;-57.089583;0.274670676;2.41037532;1.342522998;0.005044972;0.005044972;0.005044972;0.201798864;0.8408286;0.521313732;0.067266288;0.067266288;0.067266288;0.095293908;0.095293908;0.095293908;1022.447578;1022.447578;1022.447578
CUIABÁ (MÁRIO COVAS);Natural gas TPP;-15.600190;-56.064620;0.227153808;1.99339056;1.110272184;0.004172213;0.004172213;0.004172213;0.166888512;0.6953688;0.431128656;0.055629504;0.055629504;0.055629504;0.078808464;0.078808464;0.078808464;845.5684608;845.5684608;845.5684608
CTE II;Natural gas TPP;-22.504897;-44.093392;0.076391843;0.670377396;0.373384619;0.001403115;0.001403115;0.001403115;0.056124619;0.23385258;0.1449886;0.018708206;0.018708206;0.018708206;0.026503292;0.026503292;0.026503292;284.3647373;284.3647373;284.3647373
MODULAR DE CAMPO GRANDE (WILLIAN ARJONA);Natural gas TPP;-20.511636;-54.634819;0.088573674;0.77727918;0.432926427;0.001626863;0.001626863;0.001626863;0.065074536;0.2711439;0.168109218;0.021691512;0.021691512;0.021691512;0.030729642;0.030729642;0.030729642;329.7109824;329.7109824;329.7109824
ENERGY WORKS KAISER JACAREÍ;Natural gas TPP;-23.302971;-45.966578;0.00368803;0.032364346;0.018026188;6.77393E-05;6.77393E-05;6.77393E-05;0.002709573;0.011289888;0.006999731;0.000903191;0.000903191;0.000903191;0.001279521;0.001279521;0.001279521;13.72850381;13.72850381;13.72850381
SANTA CRUZ;Natural gas TPP;-23.000372;-43.421579;0.35884464;3.1490448;1.75394472;0.006591024;0.006591024;0.006591024;0.26364096;1.098504;0.68107248;0.08788032;0.08788032;0.08788032;0.12449712;0.12449712;0.12449712;1335.780864;1335.780864;1335.780864
CELSO FURTADO (ANTIGA TERMOBAHIA FASE I);Natural gas TPP;-12.621587;-38.678957;0.079791853;0.700214219;0.390003036;0.001465565;0.001465565;0.001465565;0.058622586;0.244260774;0.15144168;0.019540862;0.019540862;0.019540862;0.027682888;0.027682888;0.027682888;297.0211012;297.0211012;297.0211012
BRAHMA;Natural gas TPP;-22.991491;-43.401602;0.005614459;0.049269744;0.027442102;0.000103123;0.000103123;0.000103123;0.004124909;0.01718712;0.010656014;0.00137497;0.00137497;0.00137497;0.001947874;0.001947874;0.001947874;20.89953792;20.89953792;20.89953792
REFINARIA DUQUE DE CAXIAS - REDUC;Natural gas TPP;-22.787143;-43.297404;0.027170892;0.23843844;0.132804666;0.000499057;0.000499057;0.000499057;0.019962288;0.0831762;0.051569244;0.006654096;0.006654096;0.006654096;0.009426636;0.009426636;0.009426636;101.1422592;101.1422592;101.1422592
UGPU;Natural gas TPP;-23.192062;-46.877181;0.003305148;0.02900436;0.016154754;6.07068E-05;6.07068E-05;6.07068E-05;0.002428272;0.0101178;0.006273036;0.000809424;0.000809424;0.000809424;0.001146684;0.001146684;0.001146684;12.3032448;12.3032448;12.3032448
ARAUCÁRIA;Natural gas TPP;-25.573015;-49.402634;0.207816546;1.82369622;1.015756383;0.003817039;0.003817039;0.003817039;0.152681544;0.6361731;0.394427322;0.050893848;0.050893848;0.050893848;0.072099618;0.072099618;0.072099618;773.5864896;773.5864896;773.5864896
PROJAC CENTRAL GLOBO DE PRODUÇÃO;Natural gas TPP;-22.998467;-43.398843;0.002124738;0.01864566;0.010385199;3.90258E-05;3.90258E-05;3.90258E-05;0.001561032;0.0065043;0.004032666;0.000520344;0.000520344;0.000520344;0.000737154;0.000737154;0.000737154;7.9092288;7.9092288;7.9092288
GOVERNADOR LEONEL BRIZOLA (ANTIGA TERMORIO);Natural gas TPP;-22.779913;-43.315996;0.454264692;3.98640444;2.220334566;0.008343637;0.008343637;0.008343637;0.333745488;1.3906062;0.862175844;0.111248496;0.111248496;0.111248496;0.157602036;0.157602036;0.157602036;1690.977139;1690.977139;1690.977139
CAMAÇARI;Natural gas TPP;-12.602019;-38.303688;0.14886172;1.30633754;0.72759963;0.002734195;0.002734195;0.002734195;0.109367794;0.455699142;0.282533468;0.036455931;0.036455931;0.036455931;0.051645903;0.051645903;0.051645903;554.1301567;554.1301567;554.1301567
CAMPOS (ANTIGA ROBERTO SILVEIRA);Natural gas TPP;-21.726099;-41.311317;0.0128772;0.113004;0.0629406;0.00023652;0.00023652;0.00023652;0.0094608;0.03942;0.0244404;0.0031536;0.0031536;0.0031536;0.0044676;0.0044676;0.0044676;47.93472;47.93472;47.93472
BARBOSA LIMA SOBRINHO (ANTIGA ELETROBOLT);Natural gas TPP;-22.738838;-43.708921;0.161016509;1.413002016;0.787009262;0.002957446;0.002957446;0.002957446;0.118297843;0.49290768;0.305602762;0.039432614;0.039432614;0.039432614;0.05586287;0.05586287;0.05586287;599.3757389;599.3757389;599.3757389
RHODIA PAULÍNIA;Natural gas TPP;-22.759084;-47.153951;0.005192946;0.045570746;0.025381846;9.53806E-05;9.53806E-05;9.53806E-05;0.003815225;0.015896772;0.009855999;0.001271742;0.001271742;0.001271742;0.001801634;0.001801634;0.001801634;19.33047475;19.33047475;19.33047475
LUIZ CARLOS PRESTES (ANTIGA TRÊS LAGOAS);Natural gas TPP;-20.775059;-51.688207;0.165608948;1.453303009;0.809455978;0.003041797;0.003041797;0.003041797;0.12167188;0.506966166;0.314319023;0.040557293;0.040557293;0.040557293;0.057456165;0.057456165;0.057456165;616.4708579;616.4708579;616.4708579
IGUATEMI FORTALEZA;Natural gas TPP;-3.741120;-38.486830;0.002057777;0.018058039;0.010057908;3.77959E-05;3.77959E-05;3.77959E-05;0.001511836;0.006299316;0.003905576;0.000503945;0.000503945;0.000503945;0.000713922;0.000713922;0.000713922;7.659968256;7.659968256;7.659968256
VITÓRIA APART HOSPITAL;Natural gas TPP;-20.116467;-40.284150;0.000901404;0.00791028;0.004405842;1.65564E-05;1.65564E-05;1.65564E-05;0.000662256;0.0027594;0.001710828;0.000220752;0.000220752;0.000220752;0.000312732;0.000312732;0.000312732;3.3554304;3.3554304;3.3554304
CESAR PARK BUSINESS HOTEL/GLOBENERGY;Natural gas TPP;-23.434855;-46.532333;0.000901404;0.00791028;0.004405842;1.65564E-05;1.65564E-05;1.65564E-05;0.000662256;0.0027594;0.001710828;0.000220752;0.000220752;0.000220752;0.000312732;0.000312732;0.000312732;3.3554304;3.3554304;3.3554304
BAYER;Natural gas TPP;-23.551987;-46.634139;0.001648282;0.014464512;0.008056397;3.02746E-05;3.02746E-05;3.02746E-05;0.001210982;0.00504576;0.003128371;0.000403661;0.000403661;0.000403661;0.000571853;0.000571853;0.000571853;6.13564416;6.13564416;6.13564416
EUZÉBIO ROCHA (ANTIGA CUBATÃO - CCBS);Natural gas TPP;-23.854429;-46.414827;0.107267076;0.94132332;0.524295198;0.001970212;0.001970212;0.001970212;0.078808464;0.3283686;0.203588532;0.026269488;0.026269488;0.026269488;0.037215108;0.037215108;0.037215108;399.2962176;399.2962176;399.2962176
CTE FIBRA;Natural gas TPP;-22.379286;-41.797380;0.003782463;0.033193042;0.018487752;6.94738E-05;6.94738E-05;6.94738E-05;0.002778952;0.011578968;0.00717896;0.000926317;0.000926317;0.000926317;0.001312283;0.001312283;0.001312283;14.08002509;14.08002509;14.08002509
MÁRIO LAGO (ANTIGA MACAÉ MERCHANT);Natural gas TPP;-22.377646;-41.784973;0.396023263;3.475306182;1.935664722;0.007273897;0.007273897;0.007273897;0.290955866;1.21231611;0.751635988;0.096985289;0.096985289;0.096985289;0.137395826;0.137395826;0.137395826;1474.17639;1474.17639;1474.17639
TERMOPERNAMBUCO;Natural gas TPP;-8.399111;-35.060564;0.228680057;2.006784171;1.117732114;0.004200246;0.004200246;0.004200246;0.168009838;0.70004099;0.434025414;0.056003279;0.056003279;0.056003279;0.079337979;0.079337979;0.079337979;851.2498436;851.2498436;851.2498436
TERMO NORTE II;Natural gas TPP;-8.754679;-63.862460;0.150212538;1.31819166;0.734202099;0.002759006;0.002759006;0.002759006;0.110360232;0.4598343;0.285097266;0.036786744;0.036786744;0.036786744;0.052114554;0.052114554;0.052114554;559.1585088;559.1585088;559.1585088
SEPÉ TIARAJU (ANTIGA CANOAS);Natural gas TPP;-29.906946;-51.162713;0.106697303;0.93632327;0.521510286;0.001959746;0.001959746;0.001959746;0.078389855;0.326624396;0.202507126;0.026129952;0.026129952;0.026129952;0.037017432;0.037017432;0.037017432;397.175266;397.175266;397.175266
IGUATEMI BAHIA;Natural gas TPP;-12.960972;-38.492457;0.00356956;0.031324709;0.017447134;6.55633E-05;6.55633E-05;6.55633E-05;0.002622534;0.010927224;0.006774879;0.000874178;0.000874178;0.000874178;0.001238419;0.001238419;0.001238419;13.28750438;13.28750438;13.28750438
ENERGYWORKS CORN PRODUCTS MOGI;Natural gas TPP;-22.351021;-46.943427;0.013209861;0.11592327;0.064566566;0.00024263;0.00024263;0.00024263;0.009705204;0.04043835;0.025071777;0.003235068;0.003235068;0.003235068;0.004583013;0.004583013;0.004583013;49.1730336;49.1730336;49.1730336
ENERGYWORKS CORN PRODUCTS BALSA;Natural gas TPP;-25.581870;-49.628309;0.003948579;0.034650793;0.019299686;7.25249E-05;7.25249E-05;7.25249E-05;0.002900997;0.012087486;0.007494241;0.000966999;0.000966999;0.000966999;0.001369915;0.001369915;0.001369915;14.69838298;14.69838298;14.69838298
PETROFLEX;Natural gas TPP;-22.763209;-43.301635;0.0064386;0.056502;0.0314703;0.00011826;0.00011826;0.00011826;0.0047304;0.01971;0.0122202;0.0015768;0.0015768;0.0015768;0.0022338;0.0022338;0.0022338;23.96736;23.96736;23.96736
SHOPPING TABOÃO;Natural gas TPP;-23.617756;-46.781516;0.0014401;0.012637614;0.007038857;2.64508E-05;2.64508E-05;2.64508E-05;0.001058033;0.00440847;0.002733251;0.000352678;0.000352678;0.000352678;0.000499627;0.000499627;0.000499627;5.36069952;5.36069952;5.36069952
FERNANDO GASPARIAN (ANTIGA NOVA PIRATININGA);Natural gas TPP;-23.546678;-46.644394;0.165720979;1.454286144;0.810003562;0.003043855;0.003043855;0.003043855;0.121754189;0.50730912;0.314531654;0.04058473;0.04058473;0.04058473;0.057495034;0.057495034;0.057495034;616.8878899;616.8878899;616.8878899
PONTA DO COSTA;Natural gas TPP;-22.797070;-42.013650;0.00171696;0.0150672;0.00839208;0.000031536;0.000031536;0.000031536;0.00126144;0.005256;0.00325872;0.00042048;0.00042048;0.00042048;0.00059568;0.00059568;0.00059568;6.391296;6.391296;6.391296
RÔMULO ALMEIDA UNIDADE I (ANTIGA USINA DE COGERAÇÃO CAMAÇARI - FAFEN ENERGIA);Natural gas TPP;-12.695511;-38.309967;0.059243705;0.519893736;0.28956872;0.00108815;0.00108815;0.00108815;0.043525987;0.18135828;0.112442134;0.014508662;0.014508662;0.014508662;0.020553938;0.020553938;0.020553938;220.5316685;220.5316685;220.5316685
JESUS SOARES PEREIRA ;Natural gas TPP;-5.292244;-36.755156;0.138630355;1.216552096;0.677591225;0.002546272;0.002546272;0.002546272;0.101850873;0.424378638;0.263114756;0.033950291;0.033950291;0.033950291;0.048096246;0.048096246;0.048096246;516.0444238;516.0444238;516.0444238
CINAL/TRIKEM;Natural gas TPP;-9.716004;-35.895135;0.001368203;0.012006675;0.006687439;2.51303E-05;2.51303E-05;2.51303E-05;0.00100521;0.004188375;0.002596793;0.00033507;0.00033507;0.00033507;0.000474683;0.000474683;0.000474683;5.093064;5.093064;5.093064
CARIOCA SHOPPING;Natural gas TPP;-23.011379;-43.505355;0.001373568;0.01205376;0.006713664;2.52288E-05;2.52288E-05;2.52288E-05;0.001009152;0.0042048;0.002606976;0.000336384;0.000336384;0.000336384;0.000476544;0.000476544;0.000476544;5.1130368;5.1130368;5.1130368
METALURGIA CARAÍBA;Natural gas TPP;-12.617585;-38.295373;0.00772632;0.0678024;0.03776436;0.000141912;0.000141912;0.000141912;0.00567648;0.023652;0.01466424;0.00189216;0.00189216;0.00189216;0.00268056;0.00268056;0.00268056;28.760832;28.760832;28.760832
MACAÍBA (ANTIGA TERMO TOALIA);Natural gas TPP;-5.848229;-35.353888;0.002438083;0.021395424;0.011916754;4.47811E-05;4.47811E-05;4.47811E-05;0.001791245;0.00746352;0.004627382;0.000597082;0.000597082;0.000597082;0.000845866;0.000845866;0.000845866;9.07564032;9.07564032;9.07564032
TERMOCABO;Natural gas TPP;-8.287038;-35.027005;0.02124738;0.1864566;0.10385199;0.000390258;0.000390258;0.000390258;0.01561032;0.065043;0.04032666;0.00520344;0.00520344;0.00520344;0.00737154;0.00737154;0.00737154;79.092288;79.092288;79.092288
IGW/SERVICE ENERGY;Natural gas TPP;-23.499105;-46.629643;0.001212603;0.01064121;0.005926907;2.22723E-05;2.22723E-05;2.22723E-05;0.000890892;0.00371205;0.002301471;0.000296964;0.000296964;0.000296964;0.000420699;0.000420699;0.000420699;4.5138528;4.5138528;4.5138528
STEPIE ULB;Natural gas TPP;-29.900996;-51.191879;0.001416492;0.01243044;0.006923466;2.60172E-05;2.60172E-05;2.60172E-05;0.001040688;0.0043362;0.002688444;0.000346896;0.000346896;0.000346896;0.000491436;0.000491436;0.000491436;5.2728192;5.2728192;5.2728192
FORTALEZA;Natural gas TPP;-3.729310;-38.658845;0.148787461;1.305685884;0.727236673;0.002732831;0.002732831;0.002732831;0.109313237;0.45547182;0.282392528;0.036437746;0.036437746;0.036437746;0.05162014;0.05162014;0.05162014;553.8537331;553.8537331;553.8537331
TERMOCEARÁ;Natural gas TPP;-3.718276;-38.660809;0.094036611;0.825219244;0.459627928;0.001727203;0.001727203;0.001727203;0.069088123;0.287867178;0.17847765;0.023029374;0.023029374;0.023029374;0.032624947;0.032624947;0.032624947;350.0464884;350.0464884;350.0464884
INAPEL;Natural gas TPP;-23.434212;-46.552920;0.000516805;0.004535227;0.002526016;9.49234E-06;9.49234E-06;9.49234E-06;0.000379693;0.001582056;0.000980875;0.000126564;0.000126564;0.000126564;0.0001793;0.0001793;0.0001793;1.923780096;1.923780096;1.923780096
EUCATEX;Natural gas TPP;-23.200639;-47.296043;0.004206552;0.03691464;0.020560596;7.72632E-05;7.72632E-05;7.72632E-05;0.003090528;0.0128772;0.007983864;0.001030176;0.001030176;0.001030176;0.001459416;0.001459416;0.001459416;15.6586752;15.6586752;15.6586752
JACAREÍ;Natural gas TPP;-23.299812;-45.968806;0.00450702;0.0395514;0.02202921;0.000082782;0.000082782;0.000082782;0.00331128;0.013797;0.00855414;0.00110376;0.00110376;0.00110376;0.00156366;0.00156366;0.00156366;16.777152;16.777152;16.777152
VULCABRÁS;Natural gas TPP;-4.095220;-38.492557;0.002137615;0.018758664;0.01044814;3.92623E-05;3.92623E-05;3.92623E-05;0.001570493;0.00654372;0.004057106;0.000523498;0.000523498;0.000523498;0.000741622;0.000741622;0.000741622;7.95716352;7.95716352;7.95716352
CASA DE GERADORES DE ENERGIA ELÉTRICA F-242;Natural gas TPP;-23.239686;-45.889117;0.00386316;0.0339012;0.01888218;0.000070956;0.000070956;0.000070956;0.00283824;0.011826;0.00733212;0.00094608;0.00094608;0.00094608;0.00134028;0.00134028;0.00134028;14.380416;14.380416;14.380416
ATALAIA;Natural gas TPP;-10.923527;-37.063641;0.001974504;0.01732728;0.009650892;3.62664E-05;3.62664E-05;3.62664E-05;0.001450656;0.0060444;0.003747528;0.000483552;0.000483552;0.000483552;0.000685032;0.000685032;0.000685032;7.3499904;7.3499904;7.3499904
MILLENNIUM;Natural gas TPP;-12.697761;-38.299141;0.002052196;0.018009071;0.010030634;3.76934E-05;3.76934E-05;3.76934E-05;0.001507736;0.006282234;0.003894985;0.000502579;0.000502579;0.000502579;0.000711987;0.000711987;0.000711987;7.639196544;7.639196544;7.639196544
CONTAGEM;Natural gas TPP;-19.921321;-44.076537;0.008283903;0.072695473;0.040489688;0.000152153;0.000152153;0.000152153;0.006086133;0.025358886;0.015722509;0.002028711;0.002028711;0.002028711;0.002874007;0.002874007;0.002874007;30.83640538;30.83640538;30.83640538
CENPES - PETROBRÁS;Natural gas TPP;-22.993370;-43.337520;0.006895741;0.060513642;0.033704691;0.000126656;0.000126656;0.000126656;0.005066258;0.02110941;0.013087834;0.001688753;0.001688753;0.001688753;0.0023924;0.0023924;0.0023924;25.66904256;25.66904256;25.66904256
PARAIBUNA;Natural gas TPP;-21.778043;-43.338874;0.00085848;0.0075336;0.00419604;0.000015768;0.000015768;0.000015768;0.00063072;0.002628;0.00162936;0.00021024;0.00021024;0.00021024;0.00029784;0.00029784;0.00029784;3.195648;3.195648;3.195648
SOUZA CRUZ CACHOEIRINHA;Natural gas TPP;-29.927448;-51.089605;0.001267116;0.011119594;0.006193355;2.32736E-05;2.32736E-05;2.32736E-05;0.000930943;0.003878928;0.002404935;0.000310314;0.000310314;0.000310314;0.000439612;0.000439612;0.000439612;4.716776448;4.716776448;4.716776448
WEATHERFORD;Natural gas TPP;-29.286516;-51.080283;0.000143366;0.001258111;0.000700739;2.63326E-06;2.63326E-06;2.63326E-06;0.00010533;0.000438876;0.000272103;3.51101E-05;3.51101E-05;3.51101E-05;4.97393E-05;4.97393E-05;4.97393E-05;0.533673216;0.533673216;0.533673216
OPERADORA SÃO PAULO RENAISSANCE;Natural gas TPP;-23.535613;-46.603546;0.000738293;0.006478896;0.003608594;1.35605E-05;1.35605E-05;1.35605E-05;0.000542419;0.00226008;0.00140125;0.000180806;0.000180806;0.000180806;0.000256142;0.000256142;0.000256142;2.74825728;2.74825728;2.74825728
MICROTURGN;Natural gas TPP;-20.466172;-54.629082;0.000042924;0.00037668;0.000209802;7.884E-07;7.884E-07;7.884E-07;0.000031536;0.0001314;0.000081468;0.000010512;0.000010512;0.000010512;0.000014892;0.000014892;0.000014892;0.1597824;0.1597824;0.1597824
SESC SENAC-CASS;Natural gas TPP;-22.991492;-43.413314;0.000686784;0.00602688;0.003356832;1.26144E-05;1.26144E-05;1.26144E-05;0.000504576;0.0021024;0.001303488;0.000168192;0.000168192;0.000168192;0.000238272;0.000238272;0.000238272;2.5565184;2.5565184;2.5565184
PAMESA;Natural gas TPP;-8.296450;-35.031878;0.001747865;0.01533841;0.008543137;3.21036E-05;3.21036E-05;3.21036E-05;0.001284146;0.005350608;0.003317377;0.000428049;0.000428049;0.000428049;0.000606402;0.000606402;0.000606402;6.506339328;6.506339328;6.506339328
IMCOPA;Natural gas TPP;-25.600885;-49.393372;0.00300468;0.0263676;0.01468614;0.000055188;0.000055188;0.000055188;0.00220752;0.009198;0.00570276;0.00073584;0.00073584;0.00073584;0.00104244;0.00104244;0.00104244;11.184768;11.184768;11.184768
JARAQUI;Natural gas TPP;-3.118005;-59.972161;0.032397747;0.284306764;0.158352256;0.000595061;0.000595061;0.000595061;0.023802427;0.099176778;0.061489602;0.007934142;0.007934142;0.007934142;0.011240035;0.011240035;0.011240035;120.598962;120.598962;120.598962
CENU;Natural gas TPP;-23.495330;-46.633762;0.00171696;0.0150672;0.00839208;0.000031536;0.000031536;0.000031536;0.00126144;0.005256;0.00325872;0.00042048;0.00042048;0.00042048;0.00059568;0.00059568;0.00059568;6.391296;6.391296;6.391296
PQU;Natural gas TPP;-23.639305;-46.486915;0.003760142;0.032997168;0.018378655;6.90638E-05;6.90638E-05;6.90638E-05;0.002762554;0.01151064;0.007136597;0.000920851;0.000920851;0.000920851;0.001304539;0.001304539;0.001304539;13.99693824;13.99693824;13.99693824
AEROPORTO DE MACEIÓ;Natural gas TPP;-9.506798;-35.792819;0.0003391;0.002975772;0.001657436;6.22836E-06;6.22836E-06;6.22836E-06;0.000249134;0.00103806;0.000643597;8.30448E-05;8.30448E-05;8.30448E-05;0.000117647;0.000117647;0.000117647;1.26228096;1.26228096;1.26228096
MANAUARA;Natural gas TPP;-3.082314;-60.018386;0.036648511;0.321609384;0.179128948;0.000673136;0.000673136;0.000673136;0.026925437;0.11218932;0.069557378;0.008975146;0.008975146;0.008975146;0.01271479;0.01271479;0.01271479;136.4222131;136.4222131;136.4222131
GERAÇÃO PRÓPRIA DE ENERGIA ELÉTRICA - GPEE;Natural gas TPP;-23.002233;-43.312013;0.00257544;0.0226008;0.01258812;0.000047304;0.000047304;0.000047304;0.00189216;0.007884;0.00488808;0.00063072;0.00063072;0.00063072;0.00089352;0.00089352;0.00089352;9.586944;9.586944;9.586944
CENTRAL DE CO-GERAÇÃO SHOPPING - ARACAJU;Natural gas TPP;-10.919497;-37.067762;0.001116024;0.00979368;0.005454852;2.04984E-05;2.04984E-05;2.04984E-05;0.000819936;0.0034164;0.002118168;0.000273312;0.000273312;0.000273312;0.000387192;0.000387192;0.000387192;4.1543424;4.1543424;4.1543424
CRYLOR;Natural gas TPP;-23.163351;-45.898017;0.00343392;0.0301344;0.01678416;0.000063072;0.000063072;0.000063072;0.00252288;0.010512;0.00651744;0.00084096;0.00084096;0.00084096;0.00119136;0.00119136;0.00119136;12.782592;12.782592;12.782592
SHOPPING RECIFE;Natural gas TPP;-8.118832;-34.905085;0.00257544;0.0226008;0.01258812;0.000047304;0.000047304;0.000047304;0.00189216;0.007884;0.00488808;0.00063072;0.00063072;0.00063072;0.00089352;0.00089352;0.00089352;9.586944;9.586944;9.586944
GE CELMA;Natural gas TPP;-22.512743;-43.212955;0.000456282;0.004004108;0.002230195;8.38069E-06;8.38069E-06;8.38069E-06;0.000335228;0.001396782;0.000866005;0.000111743;0.000111743;0.000111743;0.000158302;0.000158302;0.000158302;1.698486912;1.698486912;1.698486912
PORTO DO PECÉM;Natural gas TPP;-3.608361;-38.969488;0.00225351;0.0197757;0.011014605;0.000041391;0.000041391;0.000041391;0.00165564;0.0068985;0.00427707;0.00055188;0.00055188;0.00055188;0.00078183;0.00078183;0.00078183;8.388576;8.388576;8.388576
BIANCOGRÊS;Natural gas TPP;-20.199596;-40.198277;0.002193416;0.019248348;0.010720882;4.02872E-05;4.02872E-05;4.02872E-05;0.00161149;0.00671454;0.004163015;0.000537163;0.000537163;0.000537163;0.000760981;0.000760981;0.000760981;8.16488064;8.16488064;8.16488064
CENTRO OPERACIONAL REGIÃO METROPOLITANA DE SÃO PAULO;Natural gas TPP;-23.548223;-46.624908;0.000143366;0.001258111;0.000700739;2.63326E-06;2.63326E-06;2.63326E-06;0.00010533;0.000438876;0.000272103;3.51101E-05;3.51101E-05;3.51101E-05;4.97393E-05;4.97393E-05;4.97393E-05;0.533673216;0.533673216;0.533673216
CONDOMÍNIO W.T.C.;Natural gas TPP;-23.608316;-46.697210;0.00225351;0.0197757;0.011014605;0.000041391;0.000041391;0.000041391;0.00165564;0.0068985;0.00427707;0.00055188;0.00055188;0.00055188;0.00078183;0.00078183;0.00078183;8.388576;8.388576;8.388576
NORTE SHOPPING;Natural gas TPP;-22.885580;-43.283244;0.00160965;0.0141255;0.007867575;0.000029565;0.000029565;0.000029565;0.0011826;0.0049275;0.00305505;0.0003942;0.0003942;0.0003942;0.00055845;0.00055845;0.00055845;5.99184;5.99184;5.99184
AHLSTROM;Natural gas TPP;-23.077554;-46.953413;0.000558012;0.00489684;0.002727426;1.02492E-05;1.02492E-05;1.02492E-05;0.000409968;0.0017082;0.001059084;0.000136656;0.000136656;0.000136656;0.000193596;0.000193596;0.000193596;2.0771712;2.0771712;2.0771712
POLICAM;Natural gas TPP;-21.762429;-41.318514;0.00171696;0.0150672;0.00839208;0.000031536;0.000031536;0.000031536;0.00126144;0.005256;0.00325872;0.00042048;0.00042048;0.00042048;0.00059568;0.00059568;0.00059568;6.391296;6.391296;6.391296
SHOPPING INTERLAGOS;Natural gas TPP;-23.675811;-46.676079;0.00075117;0.0065919;0.003671535;0.000013797;0.000013797;0.000013797;0.00055188;0.0022995;0.00142569;0.00018396;0.00018396;0.00018396;0.00026061;0.00026061;0.00026061;2.796192;2.796192;2.796192
SUPERSHOPPING OSASCO;Natural gas TPP;-23.535389;-46.771198;0.000558012;0.00489684;0.002727426;1.02492E-05;1.02492E-05;1.02492E-05;0.000409968;0.0017082;0.001059084;0.000136656;0.000136656;0.000136656;0.000193596;0.000193596;0.000193596;2.0771712;2.0771712;2.0771712
GÁS CAAPIRANGA;Natural gas TPP;-3.115871;-59.972152;0.000944328;0.00828696;0.004615644;1.73448E-05;1.73448E-05;1.73448E-05;0.000693792;0.0028908;0.001792296;0.000231264;0.000231264;0.000231264;0.000327624;0.000327624;0.000327624;3.5152128;3.5152128;3.5152128
GÁS ANORI;Natural gas TPP;-4.261855;-61.843205;0.001416492;0.01243044;0.006923466;2.60172E-05;2.60172E-05;2.60172E-05;0.001040688;0.0043362;0.002688444;0.000346896;0.000346896;0.000346896;0.000491436;0.000491436;0.000491436;5.2728192;5.2728192;5.2728192
GÁS ANAMÃ;Natural gas TPP;-3.584485;-61.460505;0.001416492;0.01243044;0.006923466;2.60172E-05;2.60172E-05;2.60172E-05;0.001040688;0.0043362;0.002688444;0.000346896;0.000346896;0.000346896;0.000491436;0.000491436;0.000491436;5.2728192;5.2728192;5.2728192
LUIZ OSCAR RODRIGUES DE MELO (ANTIGA LINHARES);Natural gas TPP;-19.374243;-40.085200;0.08756496;0.7684272;0.42799608;0.001608336;0.001608336;0.001608336;0.06433344;0.268056;0.16619472;0.02144448;0.02144448;0.02144448;0.03037968;0.03037968;0.03037968;325.956096;325.956096;325.956096
SHOPPING CAXIAS;Natural gas TPP;-22.786930;-43.286317;0.000558012;0.00489684;0.002727426;1.02492E-05;1.02492E-05;1.02492E-05;0.000409968;0.0017082;0.001059084;0.000136656;0.000136656;0.000136656;0.000193596;0.000193596;0.000193596;2.0771712;2.0771712;2.0771712
MC2 NOVA VENÉCIA 2;Natural gas TPP;-4.833165;-44.482329;0.075632088;0.66371016;0.369671124;0.001389161;0.001389161;0.001389161;0.055566432;0.2315268;0.143546616;0.018522144;0.018522144;0.018522144;0.026239704;0.026239704;0.026239704;281.5365888;281.5365888;281.5365888
LEVORIN;Natural gas TPP;-23.460559;-46.497549;0.001764176;0.015481548;0.008622862;3.24032E-05;3.24032E-05;3.24032E-05;0.00129613;0.00540054;0.003348335;0.000432043;0.000432043;0.000432043;0.000612061;0.000612061;0.000612061;6.56705664;6.56705664;6.56705664
SHOPPING CAMPO GRANDE;Natural gas TPP;-20.458826;-54.588259;0.001998112;0.017534454;0.009766283;3.67E-05;3.67E-05;3.67E-05;0.001468001;0.00611667;0.003792335;0.000489334;0.000489334;0.000489334;0.000693223;0.000693223;0.000693223;7.43787072;7.43787072;7.43787072
MARANHÃO IV (ANTIGA MC2 JOINVILLE);Natural gas TPP;-4.864216;-44.360790;0.144911424;1.27167168;0.708291552;0.002661638;0.002661638;0.002661638;0.106465536;0.4436064;0.275035968;0.035488512;0.035488512;0.035488512;0.050275392;0.050275392;0.050275392;539.4253824;539.4253824;539.4253824
MARANHÃO V (ANTIGA MC2 JOÃO NEIVA);Natural gas TPP;-4.868590;-44.358440;0.144911424;1.27167168;0.708291552;0.002661638;0.002661638;0.002661638;0.106465536;0.4436064;0.275035968;0.035488512;0.035488512;0.035488512;0.050275392;0.050275392;0.050275392;539.4253824;539.4253824;539.4253824
TORRE ELDORADO;Natural gas TPP;-23.570844;-46.697256;0.00169979;0.014916528;0.008308159;3.12206E-05;3.12206E-05;3.12206E-05;0.001248826;0.00520344;0.003226133;0.000416275;0.000416275;0.000416275;0.000589723;0.000589723;0.000589723;6.32738304;6.32738304;6.32738304
SHOPPING TACARUNA;Natural gas TPP;-8.025962;-34.864007;0.001116024;0.00979368;0.005454852;2.04984E-05;2.04984E-05;2.04984E-05;0.000819936;0.0034164;0.002118168;0.000273312;0.000273312;0.000273312;0.000387192;0.000387192;0.000387192;4.1543424;4.1543424;4.1543424
PETRORECÔNCAVO;Natural gas TPP;-12.505389;-38.320309;0.00042924;0.0037668;0.00209802;0.000007884;0.000007884;0.000007884;0.00031536;0.001314;0.00081468;0.00010512;0.00010512;0.00010512;0.00014892;0.00014892;0.00014892;1.597824;1.597824;1.597824
BRASKEM PVC-AL;Natural gas TPP;-9.678459;-35.766015;0.001244796;0.01092372;0.006084258;2.28636E-05;2.28636E-05;2.28636E-05;0.000914544;0.0038106;0.002362572;0.000304848;0.000304848;0.000304848;0.000431868;0.000431868;0.000431868;4.6336896;4.6336896;4.6336896
BAIXADA FLUMINENSE;Natural gas TPP;-22.723639;-43.649035;0.2274972;1.996404;1.1119506;0.00417852;0.00417852;0.00417852;0.1671408;0.69642;0.4317804;0.0557136;0.0557136;0.0557136;0.0789276;0.0789276;0.0789276;846.84672;846.84672;846.84672
YUNI GTIS LEOPOLDO GREEN;Natural gas TPP;-23.586605;-46.679399;0.000882088;0.007740774;0.004311431;1.62016E-05;1.62016E-05;1.62016E-05;0.000648065;0.00270027;0.001674167;0.000216022;0.000216022;0.000216022;0.000306031;0.000306031;0.000306031;3.28352832;3.28352832;3.28352832
EDIFÍCIO SKY;Natural gas TPP;-23.607554;-46.697566;0.000558012;0.00489684;0.002727426;1.02492E-05;1.02492E-05;1.02492E-05;0.000409968;0.0017082;0.001059084;0.000136656;0.000136656;0.000136656;0.000193596;0.000193596;0.000193596;2.0771712;2.0771712;2.0771712
SHOPPING CENTER VALE;Natural gas TPP;-23.199599;-45.881243;0.000882088;0.007740774;0.004311431;1.62016E-05;1.62016E-05;1.62016E-05;0.000648065;0.00270027;0.001674167;0.000216022;0.000216022;0.000216022;0.000306031;0.000306031;0.000306031;3.28352832;3.28352832;3.28352832
TS5 TOWER 4;Natural gas TPP;-23.610348;-46.696816;0.002111861;0.018532656;0.010322258;3.87893E-05;3.87893E-05;3.87893E-05;0.001551571;0.00646488;0.004008226;0.00051719;0.00051719;0.00051719;0.000732686;0.000732686;0.000732686;7.86129408;7.86129408;7.86129408
RJR;Natural gas TPP;-22.902819;-43.175527;0.005163757;0.045314604;0.025239181;9.48445E-05;9.48445E-05;9.48445E-05;0.003793781;0.01580742;0.0098006;0.001264594;0.001264594;0.001264594;0.001791508;0.001791508;0.001791508;19.22182272;19.22182272;19.22182272
PARNAÍBA IV;Natural gas TPP;-4.865653;-44.360687;0.024156339;0.211984204;0.118070272;0.000443688;0.000443688;0.000443688;0.017747515;0.073947978;0.045847746;0.005915838;0.005915838;0.005915838;0.008380771;0.008380771;0.008380771;89.92074125;89.92074125;89.92074125
COGERAÇÃO DE MILLUS AV BRASIL;Natural gas TPP;-22.817500;-43.283056;0.000976092;0.008565703;0.004770897;1.79282E-05;1.79282E-05;1.79282E-05;0.000717129;0.002988036;0.001852582;0.000239043;0.000239043;0.000239043;0.000338644;0.000338644;0.000338644;3.633451776;3.633451776;3.633451776
OESTE CANOAS I;Natural gas TPP;-2.759753;-42.825324;0.00153977;0.013512265;0.007526017;2.82815E-05;2.82815E-05;2.82815E-05;0.001131259;0.004713581;0.00292242;0.000377086;0.000377086;0.000377086;0.000534206;0.000534206;0.000534206;5.731714253;5.731714253;5.731714253
ESPIGÃO I;Natural gas TPP;-2.500753;-43.249984;0.00153977;0.013512265;0.007526017;2.82815E-05;2.82815E-05;2.82815E-05;0.001131259;0.004713581;0.00292242;0.000377086;0.000377086;0.000377086;0.000534206;0.000534206;0.000534206;5.731714253;5.731714253;5.731714253
SISTEMA BACKUP DE GERAÇÃO DA ESTAÇÃO DE COMPRESSÃO DE GÁS NATURAL DE PAULÍNIA/SP;Natural gas TPP;-22.770001;-47.154645;0.000493626;0.00433182;0.002412723;9.0666E-06;9.0666E-06;9.0666E-06;0.000362664;0.0015111;0.000936882;0.000120888;0.000120888;0.000120888;0.000171258;0.000171258;0.000171258;1.8374976;1.8374976;1.8374976
